\$MeshFormat
2.2 0 8
\$EndMeshFormat
\$Nodes
27
1 0 0 0
2 0.008 0 0
3 0 0.008 0
4 0.008 0.008 0
5 0 0 0.008
6 0.008 0 0.008
7 0.008 0.008 0.008
8 0 0.008 0.008
9 0.004 0 0
10 0.004 0.008 0
11 0 0.004 0
12 0.008 0.004 0
13 0.004 0 0.008
14 0.008 0.004 0.008
15 0.004 0.008 0.008
16 0 0.004 0.008
17 0 0 0.004
18 0.008 0 0.004
19 0.008 0.008 0.004
20 0 0.008 0.004
21 0.004 0.004 0
22 0.004 0 0.004
23 0.008 0.004 0.004
24 0.004 0.008 0.004
25 0 0.004 0.004
26 0.004 0.004 0.008
27 0.004 0.004 0.004
\$EndNodes
\$Elements
128
1 15 2 0 1 1
2 15 2 0 2 2
3 15 2 0 3 3
4 15 2 0 4 4
5 15 2 0 5 5
6 15 2 0 6 6
7 15 2 0 10 7
8 15 2 0 14 8
9 1 2 0 1 1 9
10 1 2 0 1 9 2
11 1 2 0 2 3 10
12 1 2 0 2 10 4
13 1 2 0 3 1 11
14 1 2 0 3 11 3
15 1 2 0 4 2 12
16 1 2 0 4 12 4
17 1 2 0 7 5 13
18 1 2 0 7 13 6
19 1 2 0 8 6 14
20 1 2 0 8 14 7
21 1 2 0 9 7 15
22 1 2 0 9 15 8
23 1 2 0 10 8 16
24 1 2 0 10 16 5
25 1 2 0 12 1 17
26 1 2 0 12 17 5
27 1 2 0 13 2 18
28 1 2 0 13 18 6
29 1 2 0 17 4 19
30 1 2 0 17 19 7
31 1 2 0 21 3 20
32 1 2 0 21 20 8
33 2 2 0 5 11 1 21
34 2 2 0 5 1 9 21
35 2 2 0 5 3 11 10
36 2 2 0 5 11 21 10
37 2 2 0 5 21 9 12
38 2 2 0 5 9 2 12
39 2 2 0 5 10 21 4
40 2 2 0 5 21 12 4
41 2 2 0 14 17 1 22
42 2 2 0 14 1 9 22
43 2 2 0 14 5 17 13
44 2 2 0 14 17 22 13
45 2 2 0 14 22 9 2
46 2 2 0 14 22 2 18
47 2 2 0 14 13 22 18
48 2 2 0 14 13 18 6
49 2 2 0 18 18 2 23
50 2 2 0 18 2 12 23
51 2 2 0 18 6 18 14
52 2 2 0 18 18 23 14
53 2 2 0 18 23 12 4
54 2 2 0 18 23 4 19
55 2 2 0 18 14 23 19
56 2 2 0 18 14 19 7
57 2 2 0 22 20 24 3
58 2 2 0 22 3 24 10
59 2 2 0 22 8 15 20
60 2 2 0 22 20 15 24
61 2 2 0 22 24 4 10
62 2 2 0 22 24 19 4
63 2 2 0 22 15 19 24
64 2 2 0 22 15 7 19
65 2 2 0 26 17 25 1
66 2 2 0 26 1 25 11
67 2 2 0 26 5 16 17
68 2 2 0 26 17 16 25
69 2 2 0 26 25 3 11
70 2 2 0 26 25 20 3
71 2 2 0 26 16 20 25
72 2 2 0 26 16 8 20
73 2 2 0 27 5 13 26
74 2 2 0 27 5 26 16
75 2 2 0 27 16 26 15
76 2 2 0 27 16 15 8
77 2 2 0 27 13 6 14
78 2 2 0 27 13 14 26
79 2 2 0 27 26 14 7
80 2 2 0 27 26 7 15
81 4 2 0 1 1 9 21 27
82 4 2 0 1 22 17 27 1
83 4 2 0 1 9 1 22 27
84 4 2 0 1 17 22 27 13
85 4 2 0 1 13 5 26 17
86 4 2 0 1 27 17 13 26
87 4 2 0 1 1 21 11 27
88 4 2 0 1 27 17 25 1
89 4 2 0 1 11 1 27 25
90 4 2 0 1 17 27 25 16
91 4 2 0 1 26 5 16 17
92 4 2 0 1 27 17 26 16
93 4 2 0 1 11 21 10 27
94 4 2 0 1 27 25 24 10
95 4 2 0 1 11 25 27 10
96 4 2 0 1 25 27 24 16
97 4 2 0 1 26 16 15 27
98 4 2 0 1 27 16 15 24
99 4 2 0 1 11 10 3 25
100 4 2 0 1 24 25 20 3
101 4 2 0 1 10 25 24 3
102 4 2 0 1 25 24 20 16
103 4 2 0 1 15 16 8 20
104 4 2 0 1 24 16 15 20
105 4 2 0 1 9 2 12 23
106 4 2 0 1 18 22 23 2
107 4 2 0 1 2 22 23 9
108 4 2 0 1 22 18 23 14
109 4 2 0 1 6 13 14 18
110 4 2 0 1 18 13 14 22
111 4 2 0 1 9 12 21 27
112 4 2 0 1 23 22 27 9
113 4 2 0 1 12 9 23 27
114 4 2 0 1 22 23 27 14
115 4 2 0 1 14 13 26 27
116 4 2 0 1 22 13 14 27
117 4 2 0 1 21 12 4 27
118 4 2 0 1 23 27 19 4
119 4 2 0 1 12 27 23 4
120 4 2 0 1 27 23 19 14
121 4 2 0 1 14 26 7 27
122 4 2 0 1 19 27 14 7
123 4 2 0 1 21 4 10 27
124 4 2 0 1 19 27 24 4
125 4 2 0 1 4 27 24 10
126 4 2 0 1 27 19 24 15
127 4 2 0 1 7 26 15 27
128 4 2 0 1 19 27 7 15
\$EndElements
